Started 100 steps!
#  pos     vel
0 (1.61947,2.54566) (0.0335775,0.0513637)
1 (5.8411,17.281) (0.0333493,-0.00904919)
2 (37.4651,10.6069) (0.0198578,0.029732)
3 (10.7672,47.879) (0.0311837,-0.0168006)
4 (53.1086,44.7536) (0.00476766,-0.0143822)
5 (21.7369,81.6469) (-0.0339724,-0.029934)
6 (82.7816,30.2326) (-0.0935598,-0.333097)
7 (55.7873,6.72308) (0.00329154,0.0329773)
8 (76.3087,5.19092) (-0.0066105,0.0690711)
9 (25.6003,29.418) (0.00674938,-0.00826185)
10 (162.876,-101.151) (0.924514,-2.00182)
11 (36.2707,86.106) (-0.724037,0.400907)
12 (80.9511,18.0225) (-0.00233578,-0.0173813)
13 (78.7167,202.016) (-0.130244,1.88862)
14 (10.56,80.5526) (0.0648549,-0.0189678)
15 (95.6247,13.255) (-0.0629969,0.0264435)
16 (85.4101,75.1244) (-0.0683891,-0.0494232)
