Started 100 steps!
#  pos     vel
0 (186.827,89.2702) (1.94983,1.11939)
1 (58.2747,67.5858) (0.792329,0.974254)
2 (-75.0202,21.7105) (-1.44591,0.285744)
3 (38.3953,59.1487) (0.204732,0.423588)
4 (405.439,-58.8008) (3.9294,-1.1475)
5 (65.2893,37.4728) (0.38046,-1.15925)
6 (131.657,-78.6364) (0.333357,-1.35115)
7 (48.0026,18.3472) (-0.137603,0.233042)
8 (-312.074,-734.029) (-4.25927,-8.07512)
9 (-197.277,64.9193) (-5.30262,0.884044)
10 (53.2872,65.6635) (-0.808947,0.187567)
11 (257.188,259.895) (2.40911,2.98421)
12 (72.9838,30.2959) (-0.124994,0.222342)
13 (-110.993,-105.306) (-2.8157,-2.28093)
14 (81.3593,46.7901) (0.726388,-0.463397)
15 (88.1676,20.1965) (-0.147681,0.276973)
16 (283.02,11.0701) (2.08217,-0.728126)
17 (28.1842,8.50556) (0.210106,-0.113239)
18 (-43.1617,-129.369) (-0.515535,-1.79956)
19 (39.9406,50.5436) (-0.446169,-0.222849)
20 (462.307,752.706) (4.23328,8.24738)
21 (102.275,217.994) (0.636721,3.09762)
22 (95.0005,62.3241) (-0.00150202,-0.409968)
23 (53.9948,180.198) (0.247433,1.48982)
24 (35.8666,42.9376) (-0.182983,-0.108904)
25 (53.4672,149.024) (-0.298676,1.42127)
26 (34.2433,40.1048) (-1.34098,0.271316)
27 (-354.699,102.482) (-4.57701,0.642827)
28 (153.057,181.743) (2.21684,2.75628)
29 (9.53906,217.989) (-0.03051,2.04677)
30 (57.6689,80.6305) (0.0767805,-0.0668372)
31 (-12.5311,50.1149) (-0.157552,-0.610189)
32 (-77.8572,-141.718) (-1.9415,-2.36484)
33 (-171.921,134.827) (-2.24579,1.42096)
34 (64.2445,-5.49811) (-0.0589931,-0.792273)
35 (50.9592,51.0394) (-0.0244655,-0.0146542)
36 (44.9789,83.6948) (0.0579048,0.376348)
37 (-1.82259,-36.152) (-1.71724,-2.75105)
38 (58.4428,60.9731) (0.0908679,-0.523804)
39 (-13.9741,93.4563) (-0.689526,0.643589)
40 (29.2254,18.7491) (0.375399,0.29286)
41 (69.0331,53.4827) (-0.488746,-0.137062)
42 (185.498,52.0506) (1.01316,-0.427879)
43 (37.8456,58.6672) (0.714197,-0.372043)
44 (93.7306,52.0336) (1.01341,0.736242)
45 (20.0541,58.2154) (0.381223,0.716772)
46 (197.939,-31.5702) (1.82728,-0.957839)
47 (27.8448,57.3695) (-0.0147591,0.644866)
48 (78.8945,62.8094) (0.0607441,0.235525)
49 (32.1324,60.99) (0.236033,-0.428307)
50 (19.4857,55.4649) (-0.592024,-0.00291013)
51 (-11.2407,94.1741) (-0.625818,0.117445)
52 (43.941,29.1269) (0.00474527,0.277985)
53 (80.6331,-63.5963) (0.4364,-2.44675)
54 (122.328,-72.7993) (0.632733,-2.37396)
55 (144.502,370.601) (1.51114,4.85891)
56 (47.3422,85.5725) (0.492671,-0.175703)
57 (41.9145,106.141) (0.521392,0.0637281)
58 (66.1416,132.601) (-0.114497,0.408282)
59 (46.1681,-4.89069) (0.543496,-0.978625)
60 (-96.2908,115.433) (-1.95571,0.38989)
61 (46.3013,67.3208) (0.255365,-0.482736)
62 (114.853,72.4412) (0.625097,0.66438)
63 (202.897,-29.0643) (4.65105,-1.46286)
64 (212.224,158.492) (2.55204,2.39116)
65 (88.9232,73.5522) (0.422678,-0.181329)
66 (-13.53,-36.5382) (-0.219284,-0.930654)
67 (84.3843,67.1336) (0.00786902,0.426965)
68 (90.0079,20.2268) (-0.0668999,-0.433428)
69 (48.8581,77.562) (-0.772581,-0.225231)
70 (43.113,40.7528) (0.00561853,-0.461412)
71 (84.7393,21.5565) (0.248295,-1.03296)
72 (19.8624,191.59) (-0.976657,1.78706)
73 (44.2014,-98.3298) (0.437136,-2.67784)
74 (-65.8895,23.6071) (-1.10638,0.191508)
75 (-50.7963,-35.7499) (-0.958185,-0.840516)
76 (49.0248,29.6013) (0.00101943,-0.150624)
77 (51.8618,38.0306) (0.297741,0.0650167)
78 (-33.1547,109.516) (-0.670614,1.31009)
79 (-11.9695,129.643) (-0.396946,1.60252)
80 (18.826,44.5172) (0.282963,-0.070921)
81 (80.9642,94.8791) (0.486232,-0.048647)
82 (66.2296,4.87171) (-0.244463,0.08809)
83 (49.56,27.6498) (1.10501,-0.653469)
84 (47.6192,38.5731) (0.325676,-0.123187)
85 (59.2869,69.05) (-0.0959243,0.646897)
86 (-33.4857,113.163) (-0.343371,0.23803)
87 (294.747,185.635) (3.18538,1.42442)
88 (20.8522,55.8054) (0.00584489,-0.69701)
89 (-7067.47,5900.08) (-81.459,67.5704)
90 (33.6101,23.457) (0.504322,0.0644693)
91 (61.9278,58.4703) (-0.720367,-0.240273)
92 (60.091,103.911) (-0.502902,0.745552)
93 (27.7148,71.6268) (-0.0587817,-0.205374)
94 (45.231,112.503) (-0.62415,0.407365)
95 (29.6779,-41.953) (-0.560663,-1.051)
96 (-76.552,116.63) (-1.74719,1.06629)
97 (51.7984,70.0912) (-0.645188,-0.344365)
98 (163.959,-140.793) (1.78017,-1.89405)
99 (56.8158,60.3784) (-0.0621716,0.415444)
100 (14.3068,-176.342) (-0.738681,-2.98836)
101 (52.1806,43.3437) (0.373557,-0.164134)
102 (27.2725,130.011) (-0.222436,0.466879)
103 (-250.938,-166.233) (-3.68951,-2.88673)
104 (54.5536,66.2213) (0.177182,-0.426468)
105 (54.6146,59.5657) (0.918964,0.907746)
106 (-175.518,-62.8623) (-1.98094,-0.71496)
107 (77.3245,74.6065) (-0.329125,-0.440538)
108 (30.4601,95.2842) (0.380771,0.612202)
109 (46.0106,223.279) (-0.4661,1.70101)
110 (120.9,85.0531) (1.08219,0.610162)
111 (175.953,77.2436) (1.59934,0.481186)
112 (7104.45,-5855.38) (81.451,-67.545)
113 (-27.9628,31.8644) (-0.314098,0.180796)
114 (55.5047,62.4382) (-0.26175,-1.04336)
115 (32.0038,42.1344) (-0.0775313,-0.0908247)
116 (-8.31407,-27.0031) (-0.85895,-1.45249)
117 (31.3299,32.4074) (0.0157013,0.447794)
118 (227.787,-151.765) (2.26335,-1.78215)
119 (9.44536,47.0811) (-0.409074,-0.5066)
120 (76.624,18.1355) (-0.312374,-0.29874)
121 (132.464,17.011) (0.408918,0.213675)
122 (80.7267,45.5777) (-0.322387,-0.514545)
123 (52.9119,10.9493) (0.502704,0.259525)
124 (78.3696,213.521) (0.892455,1.93963)
125 (21.3479,23.1591) (-0.716191,0.405902)
126 (-10.2319,134.499) (-1.19844,0.631441)
127 (36.2607,61.4434) (-0.395363,-0.363956)
